6.4
def iter(M,k,f):
    r=M[1]
    l=M[0]^^eval(f)
    return [r,l]

key = 76
C = [[16, 29], [11, 26], [13, 4], [7, 15], [12, 21], [30, 27], [20, 30], [1, 14], [16, 24], [20, 23], [9, 4], [23, 28], [22, 19], [27, 26], [12, 20], [28, 28], [12, 18], [12, 21], [23, 20], [31, 30], [22, 19], [9, 4], [1, 12], [30, 30], [28, 28], [8, 23], [27, 26], [12, 20], [28, 28], [12, 18], [12, 21], [9, 4], [17, 28], [25, 16], [6, 12], [16, 30], [18, 20], [8, 18], [16, 24], [22, 19], [9, 4], [1, 12], [30, 30], [12, 18], [17, 28], [25, 16], [6, 12], [24, 21], [1, 12], [25, 20], [15, 2], [24, 0], [28, 20], [12, 18], [17, 28], [25, 16], [6, 12], [16, 30], [18, 20], [8, 23], [14, 24], [4, 6], [28, 25], [5, 8], [17, 19], [28, 23], [15, 2], [7, 2], [12, 21], [6, 11], [10, 29], [20, 20], [22, 21], [7, 10], [8, 16], [20, 21], [72, 100]]

f='(r|k)^((k//16)&r)'


for i in range(0, 32):
    result =""
    for c in C:
        m=iter(c,key,f)
        m=iter(m,i,f)
        m=[m[1], m[0]]
        result = result + chr(m[0]) + chr(m[1])
    print(result)
    
# vietoj m imam pirma reiksme is poros, vietoj k imam k0 VISUOMET